1
2000 999
97 363
700 294
107 886
196 794
901 95
718 81
682 211
846 159
428 622
13 861
732 244
216 882
136 465
77 1
612 587
601 552
23 850
25 427
692 164
312 380
775 911
158 875
236 471
19 195
861 123
869 34
666 289
918 198
416 815
181 990
577 435
666 306
633 272
889 667
543 834
949 773
812 106
573 831
171 309
8 334
278 715
810 386
573 614
146 425
91 626
435 479
23 623
860 935
633 5
583 732
203 934
290 30
531 234
758 458
644 851
649 757
647 665
405 142
941 607
280 252
505 917
613 770
204 84
830 995
471 350
932 803
230 501
438 201
113 492
701 384
80 621
438 900
668 994
490 777
402 269
55 526
707 474
229 375
941 207
711 903
919 633
893 695
291 422
764 751
735 171
428 842
520 412
211 157
588 295
267 264
433 700
847 163
12 133
873 845
203 26
795 998
649 867
870 173
1 802
21 782
77 991
405 73
507 436
127 596
633 510
787 127
276 905
203 707
23 442
323 849
361 91
528 989
629 542
395 418
974 428
914 482
53 897
615 837
781 536
978 331
480 312
545 730
835 28
397 574
646 855
682 480
986 420
546 439
781 919
552 559
774 1000
589 89
564 210
440 546
585 602
924 597
601 961
125 226
12 317
322 693
771 57
71 258
663 393
259 88
838 64
781 61
298 279
77 811
561 298
575 307
790 756
438 978
445 260
700 529
749 161
426 293
909 932
630 183
909 664
682 584
573 460
613 362
26 491
928 94
221 942
192 83
869 550
830 650
166 628
584 494
659 160
489 175
443 341
205 741
601 681
752 704
342 554
259 392
613 914
792 120
460 691
755 616
127 651
757 750
214 892
993 521
53 800
894 528
573 852
6 149
325 49
810 557
125 118
780 747
230 11
125 217
406 519
406 290
392 398
541 543
438 534
219 507
438 722
537 937
900 253
869 581
888 835
301 696
436 400
528 396
34 592
389 102
894 579
973 844
160 977
454 468
196 902
361 893
704 365
249 401
561 283
908 170
68 58
163 916
32 206
973 947
630 880
157 928
395 339
660 237
180 214
114 255
293 636
645 762
129 101
31 15
597 220
935 113
376 970
666 318
710 434
280 487
713 808
190 267
539 971
677 818
648 75
766 874
938 148
410 39
680 111
376 974
65 37
222 829
497 273
561 909
889 419
710 572
283 500
819 872
344 97
279 767
813 979
388 473
563 308
379 839
988 218
110 256
816 319
327 282
792 887
489 662
259 944
564 775
911 79
900 711
787 702
686 497
165 257
396 684
936 868
211 703
398 232
423 840
648 629
450 310
495 963
682 781
961 899
453 619
166 766
617 972
181 184
888 577
433 93
645 390
72 354
853 408
514 993
423 553
116 60
101 404
23 441
508 158
460 109
228 345
672 783
507 129
401 407
468 733
584 758
830 582
665 763
15 230
125 445
181 776
792 29
659 239
964 191
221 139
311 569
885 670
243 330
508 744
438 44
500 103
466 915
62 126
428 4
256 848
741 801
799 20
647 719
986 10
125 647
153 22
885 13
322 379
844 35
703 687
799 847
189 31
781 967
102 731
564 676
928 661
151 726
205 680
211 489
42 517
713 716
549 7
405 167
556 857
311 266
810 678
558 200
903 738
682 130
747 933
741 601
211 727
816 964
283 146
829 723
692 690
682 77
246 547
452 575
476 96
931 74
948 799
450 251
226 100
916 291
110 423
779 836
919 147
887 973
669 718
349 615
793 796
630 82
290 278
232 955
539 856
126 311
710 787
569 645
703 135
165 646
648 600
911 631
414 42
536 520
283 316
222 140
924 6
298 322
797 913
388 270
339 713
412 450
32 321
572 453
817 141
592 332
103 654
246 535
412 134
183 122
71 138
463 337
556 110
414 315
54 580
376 804
742 573
748 841
339 948
469 591
607 329
758 383
129 276
888 438
69 351
486 627
891 456
720 353
659 806
752 637
352 516
349 470
853 923
909 531
680 925
528 854
931 843
855 246
163 78
297 12
816 788
19 69
264 653
891 688
7 243
575 725
636 333
974 326
355 879
160 347
502 336
104 152
78 112
749 303
95 179
90 717
283 864
95 754
737 969
941 618
570 209
588 965
584 62
749 467
682 477
306 59
931 2
410 558
692 410
516 286
285 765
126 983
880 987
703 630
133 780
59 204
252 150
311 943
469 789
153 162
665 328
722 495
11 939
827 189
749 348
531 475
648 538
322 769
125 358
143 746
867 906
950 823
810 790
958 313
169 172
578 729
607 556
829 822
355 555
561 888
990 506
126 53
44 833
718 182
889 48
752 115
888 753
748 530
989 940
764 429
807 571
810 63
572 908
728 997
476 748
277 679
219 578
454 19
412 784
259 248
51 863
390 549
363 884
323 176
128 634
384 466
327 873
463 240
787 930
58 177
986 203
249 430
434 683
3 594
79 685
932 959
666 889
216 356
766 938
526 299
80 263
786 625
483 360
783 265
835 954
477 155
578 819
520 9
607 349
601 562
688 14
566 368
607 498
467 764
231 668
952 734
153 926
409 66
163 216
283 452
469 168
181 153
584 320
205 194
935 537
496 325
191 51
504 493
570 178
835 686
983 541
584 826
376 898
351 515
276 324
950 335
737 652
418 344
607 677
617 490
386 709
966 749
219 192
584 950
454 786
319 137
129 40
808 508
191 357
96 820
682 447
121 485
888 608
529 778
476 617
52 593
561 229
157 165
711 635
596 605
561 259
454 752
829 374
137 832
895 960
774 302
96 805
434 305
358 660
135 567
666 455
500 885
607 720
392 514
128 648
866 378
274 212
908 957
869 728
789 224
4 560
809 405
278 301
129 644
726 268
20 640
874 85
670 563
129 816
902 772
632 958
203 743
342 297
869 609
449 920
134 812
298 566
178 71
333 992
103 866
311 924
823 792
193 505
931 663
87 417
644 215
553 287
827 125
894 656
114 504
901 598
454 205
493 364
665 180
793 346
454 941
629 791
659 739
681 314
191 119
21 144
223 227
809 853
601 32
323 922
646 894
781 669
544 285
732 459
71 381
896 910
500 72
911 658
956 968
807 403
573 999
699 343
95 603
449 327
630 67
331 280
219 469
692 86
158 457
799 496
637 896
711 24
919 813
561 249
313 208
865 512
158 604
277 274
34 824
116 70
338 213
463 745
909 682
312 166
683 712
580 797
392 33
249 68
561 361
40 199
498 300
787 564
44 247
752 21
819 225
630 671
765 724
104 486
129 46
378 338
532 759
497 527
573 901
222 710
762 41
298 588
320 281
285 737
110 860
682 395
528 891
888 23
111 275
744 798
440 202
419 986
103 394
289 8
101 761
966 632
950 499
682 705
455 242
880 432
23 18
206 372
292 620
283 655
304 143
70 984
480 779
709 945
690 444
967 483
855 193
458 638
743 271
792 98
499 233
869 116
62 755
779 235
306 545
898 99
959 3
706 416
686 27
256 649
219 222
332 108
666 511
166 107
179 197
749 956
226 985
31 828
240 231
406 612
286 698
467 440
125 883
55 124
434 706
134 672
730 136
648 414
222 36
490 371
187 846
715 387
247 388
201 114
930 570
874 262
512 370
43 284
873 981
838 481
855 697
569 611
44 145
55 454
959 55
758 659
361 701
794 830
744 451
713 154
521 946
572 128
720 881
598 437
860 186
454 975
342 966
576 76
967 369
727 426
277 43
349 595
298 825
507 54
900 50
116 87
911 132
826 565
146 606
297 169
48 585
855 524
293 953
645 513
283 876
783 443
617 56
246 402
693 877
749 277
672 817
183 38
786 472
644 613
928 476
504 421
752 461
789 359
389 221
250 25
632 448
914 694
53 890
463 228
843 599
40 951
593 185
339 996
165 323
322 583
482 151
40 827
437 814
259 304
620 117
853 238
817 377
881 740
500 589
607 736
869 433
438 65
229 367
268 862
343 642
852 768
707 449
349 156
888 188
561 666
250 858
623 503
991 708
129 406
932 742
460 397
112 464
93 90
431 639
217 539
566 699
187 904
948 518
396 411
389 689
527 807
644 810
739 463
931 415
390 385
663 590
944 16
487 409
68 484
823 413
469 389
941 982
919 355
813 568
86 952
932 931
564 391
578 641
710 522
78 52
363 643
893 533
203 502
692 735
576 907
418 223
152 92
789 865
103 821
386 548
81 174
292 131
361 181
696 927
600 929
233 382
401 976
656 895
62 576
500 261
576 714
481 47
888 342
666 254
9 988
609 878
203 785
771 105
865 936
554 771
199 921
775 586
520 544
562 288
496 104
18 241
941 692
592 657
505 190
206 373
777 17
959 624
142 532
774 196
361 296
811 838
355 760
506 366
982 340
816 376
952 674
839 675
210 870
220 431
239 45
555 949
344 245
592 509
966 523
215 462
867 673
480 859
219 869
218 871
125 399
835 962
448 121
67 721
36 80
158 424
496 980
514 610
894 478
219 561
520 187
480 250
601 236
376 525
584 292
666 809
573 352
703 918
79 540
669 774
672 446
728 551
547 793
916 912
127 488
184 795
